#' Advent of Code 2022 solutions
#' @export
aoc_solutions <- list(
  day01a = 67622,
  day01b = 201491,
  day02a = 8392,
  day02b = 10116,
  day03a = NA,
  day03b = NA,
  day04a = 500,
  day04b = 815,
  day05a = "PSNRGBTFT",
  day05b = "BNTZFPMMW",
  day06a = NA,
  day06b = NA,
  day07a = 1447046,
  day07b = 578710,
  day08a = NA,
  day08b = NA,
  day09a = NA,
  day09b = NA,
  day10a = NA,
  day10b = NA,
  day11a = NA,
  day11b = NA,
  day12a = NA,
  day12b = NA,
  day13a = NA,
  day13b = NA,
  day14a = NA,
  day14b = NA,
  day15a = NA,
  day15b = NA,
  day16a = NA,
  day16b = NA,
  day17a = NA,
  day17b = NA,
  day18a = NA,
  day18b = NA,
  day19a = NA,
  day19b = NA,
  day20a = NA,
  day20b = NA,
  day21a = NA,
  day21b = NA,
  day22a = NA,
  day22b = NA,
  day23a = NA,
  day23b = NA,
  day24a = NA,
  day24b = NA,
  day25a = NA,
  day25b = NA
)
